4308433;-29.37836186;-52.12460424
4308458;-28.90881998;-53.29452865
3158805;-20.880059;-45.04594482
5217203;-16.37026295;-51.84712686
5217302;-15.82594939;-49.03020955
3158953;-19.391588;-42.50442109
3160306;-16.527473;-40.26651441
5221007;-16.04829566;-49.60844934
3161106;-15.8582655;-44.88961334
3161502;-20.908901;-42.82695337
3106101;-21.971414;-43.45309564
3106200;-19.91805968;-43.95031142
4309605;-27.5869665;-54.30097414
3162906;-21.5875785;-42.94002838
3162922;-20.0626535;-44.24895862
5105234;-15.44918127;-57.71898538
5105259;-13.04714648;-56.18302231
4310009;-28.59366066;-53.21750839
4310207;-28.29748138;-53.91303617
3144607;-21.2103755;-45.26303028
3144656;-15.3142835;-41.70831327
4216354;-26.59594958;-48.7975374
4216255;-27.0872035;-53.60158179
4216404;-29.19419445;-49.82018767
3158300;-21.2596815;-45.51533275
3163300;-18.4003965;-41.38194127
4317251;-29.14954889;-51.72420951
3170479;-16.0981655;-46.31195685
3170503;-20.3325655;-42.73900402
5221452;-13.42622395;-48.71925478
2608107;-7.853848299;-35.59858845
4311791;-29.5456865;-51.54715668
4311809;-28.48643567;-52.30524379
3170800;-17.41706991;-44.62902414
3170909;-15.6374595;-43.95926561
3124906;-20.9984405;-42.24556196
3171105;-19.6164895;-48.32773679
4219176;-26.94521226;-51.73194441
4219200;-27.4022;-49.38937118
4219309;-26.98811699;-51.13425809
3530201;-22.34496014;-52.02933017
3530300;-20.82870506;-49.5054496
4313375;-29.84816709;-51.29286608
3544905;-20.82498459;-47.84539263
2509503;-7.09111353;-35.93845264
3103603;-21.9009355;-44.23867356
3157377;-16.0459175;-41.81723186
2108207;-4.656253889;-44.55114784
2108256;-2.987443022;-45.42909232
2303709;-3.770129153;-38.78931835
3127800;-16.4739085;-43.02638847
3128006;-18.855908;-42.86390232
4313706;-27.94253818;-53.40474501
4314100;-28.2667825;-52.4782158
4314175;-31.84727872;-53.66981382
3159407;-21.589235;-43.9406416
2310951;-4.258133616;-40.57042756
4314407;-31.561417;-52.34198294
4314423;-29.45924831;-51.09050875
4316006;-29.63610169;-50.56968951
3132404;-22.4394165;-45.44022794
4316402;-30.37699402;-55.19430709
4316451;-29.06865075;-53.27273109
4311239;-29.50435403;-53.04750399
2701357;-8.885466183;-35.56130297
4316808;-29.64906061;-52.4015125
4316972;-30.37116849;-54.10983443
4316907;-29.77748976;-53.77046944
4315453;-29.11467131;-52.07484303
4317301;-33.18804569;-53.063729
4318614;-29.55423521;-51.48364304
4318622;-28.67044328;-49.96890917
4318804;-31.25265681;-52.12910164
4318903;-28.3903481;-54.93717245
5006200;-22.06940379;-53.44033085
5006309;-19.55369717;-51.35759976
3158201;-18.208134;-42.36261019
4319125;-29.47734249;-53.88755548
4319158;-28.70616475;-54.53462018
4321451;-29.465784;-51.76942675
1715507;-10.66016121;-48.87840328
4319752;-29.38633754;-51.37082392
4319802;-29.69254191;-54.7160166
4113403;-23.01927191;-50.69892872
4320800;-28.88865368;-52.56434628
4313086;-28.99660964;-51.3273125
4127403;-24.18406219;-54.06174342
4322905;-27.57315573;-52.01922139
4321907;-27.42704933;-53.93393932
2200806;-7.235502224;-44.21217574
4322202;-29.01002306;-54.00052587
3201001;-18.47389829;-40.37351163
3201159;-20.10724545;-41.29420141
3201209;-20.78489229;-41.19751741
3201308;-20.30726332;-40.44151067
3201605;-18.46080948;-39.8650111
3201704;-20.37578026;-41.27362471
3201803;-20.5866238;-41.73335407
4322327;-31.4881772;-52.12738679
4322400;-29.80369354;-56.81619089
4322509;-28.36618387;-50.87214762
4116307;-23.1311501;-51.72884346
2201572;-7.384086638;-40.97524883
4323408;-28.57470241;-52.13299987
2807204;-10.56187625;-37.12703374
1703883;-7.037275581;-48.37511454
4323804;-29.81085197;-50.07620531
1400050;3.100732096;-62.61304061
1400027;3.724796757;-61.81025536
4315172;-28.75368509;-51.48403793
4315206;-29.02996607;-52.13240901
2306553;-3.066456135;-39.87852517
1100155;-10.51398386;-62.01266828
1101450;-12.3128463;-61.42908609
1100189;-11.86287221;-60.81012512
1101468;-13.01046007;-61.73651516
1100205;-8.983964918;-63.99015088
1100254;-11.19367834;-61.84795298
3144359;-19.175836;-42.32560776
1101807;-10.35916724;-62.07020791
1507151;-5.681666016;-48.73135139
1701051;-6.422931061;-47.89906689
2402105;-6.238311462;-36.2004104
2404903;-5.801436553;-37.91092855
1702554;-5.522931195;-47.92362718
2402808;-6.35970893;-36.20614482
3146206;-18.0321425;-41.29740695
3538006;-22.88708126;-45.46573588
3538105;-21.20329004;-48.91243992
2403301;-6.13062514;-38.30188075
2406403;-6.001335421;-35.85095036
4207759;-26.85561689;-53.33965434
4207809;-27.02966757;-51.9093287
3147907;-20.7268555;-46.56079772
2604304;-7.727158323;-39.20110255
3146404;-18.90336;-45.56533686
3146503;-20.3979315;-45.68187333
3146701;-21.44140482;-42.33862583
3147956;-16.088187;-44.10061856
3148004;-18.636014;-46.10529098
4110656;-24.43299713;-53.35308317
2800506;-10.78854524;-37.3225913
2305100;-4.253704305;-38.92941891
2407500;-5.453721702;-35.38596565
2407906;-6.428038964;-35.80909642
2408102;-5.801968963;-35.2184529
4214706;-26.63008674;-49.35768813
2408706;-5.780772113;-37.11088382
2506301;-6.888480546;-35.44297525
3510104;-21.34028652;-48.62430076
4119004;-25.84525524;-53.76397695
2410900;-5.819423592;-35.84720164
1507466;-0.868817021;-47.96311331
2412609;-5.93309641;-35.76274338
2708501;-9.234887812;-35.64694369
2933000;-11.40259493;-39.44785952
2413607;-5.77226646;-37.97887515
2108009;-6.654623953;-44.21005514
3306206;-22.37074654;-43.59359819
3306305;-22.52346785;-44.09029982
3305554;-22.75231336;-43.70576906
3305109;-22.7853575;-43.36671499
3303203;-22.82034749;-43.42797589
3301702;-22.64305374;-43.30216632
3152204;-15.746902;-43.07277931
3152303;-20.666295;-43.07316891
4101200;-25.29615643;-48.70404777
4102307;-25.48748471;-49.68401252
4102406;-23.15346766;-50.33849744
4102505;-24.07332282;-52.01096224
3152709;-21.116424;-44.07746351
3152808;-19.275347;-48.96054736
3152907;-20.783467;-46.87642956
4312617;-28.40255795;-51.20314907
3153202;-18.7131045;-44.073754
3153301;-18.6256935;-43.58153145
2905602;-15.44154401;-39.48042897
2905701;-12.66678781;-38.22513478
2905800;-14.0010826;-39.17209897
2905909;-9.499094379;-43.23771863
2906006;-10.28150461;-40.72666149
2906105;-13.09977928;-44.21634694
2210656;-4.930342562;-41.79711177
4103370;-24.15791909;-53.53551552
4113429;-24.07430369;-51.63365617
4105102;-22.79436685;-51.55748302
4300307;-27.64642925;-54.7875224
4302055;-27.48482621;-52.63387828
2407104;-5.943286735;-35.42758266
4109757;-25.15288875;-53.02312272
4109807;-23.22829014;-51.04941035
2407203;-5.231752173;-36.46685311
4110078;-24.43978581;-50.75019325
4110102;-25.22460195;-50.65300617
3158904;-20.049974;-41.8997555
4110706;-25.4883751;-50.83195248
4110805;-24.35832159;-52.08027533
2309300;-4.711456111;-40.54812898
2408904;-6.710869418;-36.63082986
4110953;-25.13629494;-54.35474509
4111100;-23.71530905;-52.00943415
4111209;-25.98446301;-52.84939924
4111258;-25.11164559;-49.51776106
4111407;-24.99649224;-50.85663342
4111506;-24.28112939;-51.62535363
4112504;-24.21041096;-51.79647235
4112603;-22.57714555;-52.07342929
4112751;-24.4130987;-53.41988195
4112801;-23.43854051;-49.9068076
4112900;-23.4715003;-50.21521231
4112959;-24.40800387;-52.8550551
4115507;-23.75383754;-51.65422757
4115606;-25.33357544;-53.89321474
4115739;-24.69613291;-52.22057159
3162203;-20.534608;-46.4230429
4320008;-29.82261579;-51.12776571
4113304;-25.30999589;-52.33848425
3160959;-19.5144115;-42.03492464
3161007;-19.8789015;-42.95953724
3161056;-18.5683815;-41.45191016
4113452;-25.24965208;-53.53399433
2413557;-6.14228438;-37.99336894
4113502;-22.97129729;-53.07703259
4115002;-22.73706831;-53.05828122
4115200;-23.40594546;-51.96095756
2413102;-6.042626942;-35.69764915
3161908;-19.7974815;-43.30494514
3125507;-18.088458;-43.33739329
3162005;-21.9039425;-45.6111921
4115408;-26.24537455;-53.12329782
4115457;-25.12289655;-52.22776456
4116000;-22.9915207;-51.49052611
4116059;-25.10750108;-54.26215614
4116208;-25.50847775;-48.82974164
4116604;-23.33608854;-50.70385612
4117206;-23.42362634;-53.07183715
4304606;-29.91373693;-51.17754957
3167301;-21.1456605;-43.2047021
4119400;-24.44311343;-50.00376233
4119509;-25.4685725;-49.05328199
4119608;-24.67476882;-51.80081413
4119707;-23.09102389;-52.96610181
4119905;-25.13916877;-49.99298743
4119954;-25.64767305;-48.46545002
4101408;-23.57752817;-51.39387094
4120101;-25.52755663;-49.88753542
4120150;-25.59140365;-52.37555909
4102000;-24.44480288;-53.57857748
4102109;-23.23658964;-51.69483428
4120333;-23.02741268;-51.4039255
2603108;-8.507526895;-36.27425725
4121000;-23.05796697;-53.52738316
5207907;-14.58525291;-46.9199502
5208004;-15.28671743;-47.25129112
4121208;-25.92172576;-49.52469873
3170578;-19.6038005;-42.33153485
3170602;-20.4395525;-46.35986156
3170651;-15.3321445;-42.29042948
4122404;-23.28117291;-51.42622287
4122503;-24.57204412;-52.28326903
4122651;-24.3131349;-51.18070995
4122800;-26.13920948;-53.40855589
3171808;-18.800936;-42.69918806
3171907;-18.462501;-42.34080547
3172004;-21.0227125;-42.83714398
3172103;-21.7634325;-42.56565137
4124905;-22.83020109;-52.32851664
4125100;-25.68436532;-50.30474722
4125209;-25.6611772;-52.9298218
4125308;-23.43563489;-52.34731219
2615904;-7.698036273;-37.27430247
4125753;-24.88708333;-53.9442889
2201739;-8.131958726;-40.76022063
2201101;-10.18615621;-43.91661539
2201150;-8.515353537;-45.11941094
2504306;-6.332106372;-37.72494315
2201200;-4.153668674;-42.45065463
4112405;-23.43776157;-52.54184359
2201556;-7.993089513;-41.85987313
4309050;-29.88195419;-50.76292755
4102752;-25.8847671;-53.63229761
2201705;-7.748054892;-43.88910662
2202019;-3.154372158;-41.60358203
4113809;-22.74085961;-51.65916796
4303707;-27.96218769;-54.85025607
2202406;-4.525626507;-41.91820065
2202455;-8.533801901;-41.92989261
2202604;-5.291113042;-41.57050096
4121752;-25.8731589;-51.97950861
4121802;-23.26570274;-49.76160446
4121901;-23.42322248;-50.36949109
1721208;-6.235684765;-47.55431017
4217709;-29.07943163;-49.65128445
3117801;-22.4417395;-45.76658273
3519006;-21.94368865;-50.3472105
3528700;-22.11961576;-52.0428213
1508209;-0.918060248;-48.11863996
5005202;-19.09839451;-57.57789111
2604908;-8.029468591;-35.71490824
3543402;-21.214411;-47.8008202
2203602;-7.940740666;-43.66022438
4304309;-27.925778;-54.71543035
2304657;-4.049559462;-40.78003098
3129202;-22.0450115;-45.54284801
3129400;-21.448477;-43.95208049
2205458;-3.542420973;-42.42435823
1707405;-5.310203564;-48.49569724
2205540;-5.809306296;-42.62376481
2205854;-3.556340945;-42.51179772
2410702;-5.921486292;-37.96262074
2612703;-7.822075347;-35.88330277
2207959;-8.116380848;-42.0076798
2616407;-8.164508931;-35.27437045
2200103;-5.766247619;-42.67171439
2209609;-5.921565663;-42.11637342
3131505;-22.004879;-46.11485165
3131604;-19.048518;-47.48097697
3131703;-19.603406;-43.30051361
3131802;-18.551506;-41.24653331
3131901;-20.259761;-43.83498325
2209807;-6.017605341;-42.66440661
2209872;-3.934607519;-41.31297465
2923035;-12.86694568;-42.12162406
2923050;-10.37988068;-38.43149676
2923100;-11.4192903;-38.35933018
2923209;-12.2553542;-42.7707031
2924058;-11.88902794;-39.60235802
2924108;-12.12510964;-38.63514351
2307205;-7.728731957;-38.98361626
2210375;-6.774045894;-41.25569999
2805109;-11.20521416;-37.64370939
2600302;-8.459098065;-35.94905672
5222054;-17.73799357;-49.90143696
5222203;-14.99283506;-47.06482102
5222302;-15.2158603;-48.75343763
2601102;-7.656851489;-40.47577008
4126603;-23.65493276;-49.80960497
2601607;-8.567318087;-39.01147813
1200708;-10.61174154;-68.46281893
2509404;-7.292887155;-35.48723002
2602001;-7.679373108;-40.00462254
2602308;-8.486649128;-35.74980734
3135506;-20.475413;-42.62768848
3153400;-18.1619615;-46.29550049
2603454;-7.981284925;-34.98743755
3136405;-17.6464865;-44.07162682
3136504;-15.87411388;-40.31045262
2805703;-10.23740034;-36.79661281
5220280;-15.36620773;-49.83915329
2101004;-3.550168559;-44.72707461
2708709;-9.238978147;-35.39049931
3138500;-22.0084495;-44.32254312
3138609;-21.7997085;-43.90456922
2605459;-3.855095769;-32.42057299
2112803;-3.130401207;-45.18757175
2112902;-3.550168559;-44.9269888
5211404;-16.21707349;-49.66996623
2202752;-8.153501339;-43.6223958
2204204;-7.042684421;-41.13926876
2205409;-3.51464983;-42.09901774
2205508;-4.692029769;-42.52347653
5004007;-22.42936298;-54.22243989
2113009;-4.156166812;-45.29572383
2114007;-3.249448157;-45.97520251
5200050;-16.78909184;-49.45979755
5200100;-16.16767191;-48.74531086
5200134;-17.42348576;-50.32651719
5200175;-14.89356662;-47.78639969
5200258;-15.74565669;-48.28266576
5200308;-16.12063078;-48.48688795
2307304;-7.185274056;-39.28498579
4306809;-29.21564558;-51.91854576
5000708;-20.76761047;-55.60753805
5204300;-18.73242251;-51.12398617
5204409;-16.97696002;-51.76155024
5204508;-17.76927941;-48.63328051
5204557;-16.72922883;-48.9837974
5204656;-13.88878069;-48.55620248
5204706;-14.01232717;-48.86115997
5204805;-17.53542271;-47.75204413
5204904;-12.96527025;-46.19947059
4307005;-27.62529816;-52.2635419
2612471;-7.841524602;-38.17659615
2513208;-6.528222147;-38.05412534
2933307;-15.01282929;-40.911153
2933406;-12.24971963;-41.1221791
2313906;-3.324517529;-40.66753317
2901304;-12.79374674;-41.31399896
2901353;-10.24743132;-39.90750558
2901403;-11.96016627;-44.66857554
2305654;-4.904000032;-40.7629755
5220405;-19.01625362;-50.58885698
2613404;-8.872987742;-35.19043204
2613503;-7.884890023;-38.7630538
2613701;-8.017093072;-35.1097045
2209856;-6.722638514;-41.38082183
2501534;-6.621979645;-36.2557154
2601300;-8.422914024;-35.63433916
1705557;-12.83388551;-46.49002799
2614402;-7.581124197;-37.65603753
5204953;-14.200113;-49.639823
2614808;-8.911982234;-38.10922077
4308706;-27.59373088;-52.11440493
2615805;-8.673282418;-37.34531954
5205000;-15.41935784;-49.73807233
5205059;-18.15278176;-50.29866384
5205109;-17.97877539;-47.72052564
5205307;-13.64097143;-47.71496954
5205406;-15.27316193;-49.65963878
5205455;-17.10488077;-49.76486653
5205471;-18.3831672;-52.62198075
2210631;-7.845928533;-44.11132435
2500502;-6.97008903;-35.51634162
2502300;-6.469735372;-37.94830985
5205497;-16.15373755;-47.79830238
5205513;-15.63667825;-48.62733147
5205521;-13.99052128;-48.08686874
5205703;-16.36094868;-50.59167302
2109304;-3.349343255;-43.97018441
2500734;-7.561902165;-37.04604874
2505303;-7.53899066;-38.1637583
5221197;-16.45515313;-49.08564596
2501203;-7.047746268;-35.92973421
3203304;-18.87182891;-41.05633176
2502052;-6.484357928;-38.54914462
2701902;-9.243116451;-36.27312219
2502409;-7.287326555;-38.4781749
2502706;-6.790516709;-35.6059133
2504108;-7.050018812;-38.33815582
3145802;-19.698496;-44.73419787
3145851;-20.4371195;-42.78508238
2504900;-7.133219139;-35.09064872
2505204;-6.902083203;-35.52341688
4119657;-23.20964489;-51.56885346
2202737;-5.119010554;-42.2862061
5103056;-11.48043852;-55.0656259
5103106;-13.83870139;-51.22690376
5103205;-10.56548156;-55.44341919
2206308;-5.709962718;-42.64031266
2206407;-5.600510831;-42.60590319
4206207;-28.347766;-49.02680047
4206306;-27.111209;-49.01464157
4206405;-26.58005809;-53.55498982
3147006;-17.1087465;-46.7744409
4106803;-25.89523031;-51.18293747
4111308;-22.73008928;-52.89663567
5206404;-14.63083761;-50.0101743
2933158;-11.12135157;-41.04624232
2508406;-6.553581735;-38.17408126
2508802;-6.883093854;-37.53099424
4215109;-26.88695;-49.36057661
4215208;-26.65450309;-53.32361341
3148301;-20.870511;-42.99006463
4120408;-23.26387924;-52.16419998
2701001;-9.664182426;-36.16334761
5206503;-17.25193878;-49.37268544
5206602;-18.31595622;-48.06687499
2911006;-14.84516025;-39.7214236
2206605;-9.572719359;-44.96498605
2512077;-6.588372784;-38.49670092
2911105;-10.85763218;-45.67173966
2911204;-13.80168423;-39.47894465
2911253;-11.49341315;-39.72419965
5100300;-17.42377155;-53.45585386
2926806;-14.32445319;-42.08117545
2926905;-13.13464652;-42.15139122
2927002;-11.53924587;-37.93125186
2927101;-9.228232516;-38.63150926
2927200;-12.2703644;-40.6936582
2702702;-10.28945;-36.3310969
2210607;-9.025117153;-42.64644102
2931053;-13.55245829;-42.56513373
2931103;-11.94387992;-39.09618919
1600303;0.571553969;-50.95310309
1600402;-0.043153061;-51.97589414
1600501;3.189078259;-51.78113032
1600154;1.232296237;-52.68744533
1600535;0.614708288;-51.50188812
1600550;1.606715798;-50.73458719
1600600;0.175621211;-51.42104256
1600055;1.64243992;-52.27026174
1600709;1.311514781;-50.93289941
1600808;-1.016652345;-52.05021829
1300029;-3.674205912;-65.34189615
1300060;-3.420899714;-68.34975032
1300706;-8.817386474;-68.00209563
1300805;-5.332454124;-59.23795226
1300904;-7.455803371;-63.90275286
1301001;-5.175653211;-67.49562396
2704906;-9.468372821;-36.40527254
5215405;-16.24590163;-49.21836338
5217708;-17.53814867;-49.49659103
1301209;-4.035799989;-63.5435672
1301308;-3.128921972;-63.20243335
1301407;-7.041109939;-70.11868749
1301506;-7.616099271;-70.1959093
1301605;-2.545647053;-66.91458574
1301654;-7.251998335;-72.74281392
1301704;-7.511690658;-62.59872382
1301902;-3.13465722;-58.81468088
1301951;-6.727239445;-67.92327814
1302108;-1.383639589;-68.7932064
1302603;-2.575493343;-60.37034755
1302702;-6.787510567;-61.10962463
1302801;-2.612964222;-64.70330763
1302900;-5.241584731;-58.19499668
1303007;-1.080820115;-58.44500168
1303205;-1.804561386;-61.01816076
1303304;-6.828447478;-60.22930634
1303601;-0.251681295;-64.98843065
1303700;-3.083679711;-69.06881241
1303809;0.359281646;-68.1670948
1303908;-4.738692128;-69.52498568
1303957;-1.895652099;-58.81103152
2210623;-10.66517325;-44.86148169
1304062;-4.030012412;-69.69402112
1304104;-6.026457188;-66.03925488
1304203;-4.4113292;-65.57601208
1304237;-2.575678341;-67.47256323
1304260;-3.2029347;-65.43021277
1304302;-1.249699283;-58.78764927
2924306;-13.04216317;-41.89374058
2924405;-9.936653212;-43.02231071
2924207;-10.11793019;-37.90933403
2700201;-9.665181509;-36.30953569
2700300;-9.758415205;-36.64325749
2700508;-9.375369374;-35.58664941
2700805;-9.554483795;-36.49616823
2700904;-9.810176688;-37.17498686
5217401;-17.30955766;-48.28542362
5217609;-15.2657736;-47.75153823
2701308;-9.382936375;-36.15476535
2701506;-9.964750475;-36.74394033
2701605;-9.126893433;-37.53803549
2701803;-9.474261161;-37.38833618
3201407;-20.53767614;-41.19766613
3201506;-19.47190257;-40.71933298
2207751;-5.875899936;-42.39539662
2702355;-9.641110494;-36.78538315
4110409;-23.48209711;-52.66696532
5221403;-16.65080415;-49.53673102
2702900;-9.793051575;-36.83398066
2703106;-9.569215448;-36.67963276
3203320;-21.09392577;-40.89087313
2702009;-9.632071445;-36.57790119
3204252;-18.25870063;-40.53414909
3204302;-21.15646433;-41.0744333
3204351;-19.22107897;-40.30623548
2704609;-9.243354345;-37.39569389
2110104;-3.344846308;-42.90186285
5221858;-16.09339111;-47.99513407
2703759;-9.926175861;-36.11886632
2704302;-9.542074628;-35.70744961
2706208;-9.686477347;-37.31745482
2706448;-9.442673707;-35.58412853
2925501;-17.16698381;-39.39556614
2210201;-6.787790798;-41.49281443
4106456;-26.17374853;-51.91101221
2707305;-9.033653175;-35.45036674
2707404;-9.14888028;-35.38585244
2410256;-5.071869301;-36.81931717
2705002;-9.027861406;-37.7210939
2705200;-9.342481538;-35.80458256
2705903;-10.06245305;-36.78895273
2706000;-9.496269606;-37.17915661
3501301;-22.11897338;-51.52330611
3501400;-22.08366925;-49.74001023
3522158;-24.61355823;-48.84176821
2708402;-9.52915479;-37.46405546
2708600;-9.779721128;-36.10619326
2709103;-9.612661789;-36.51029046
2709202;-9.885178215;-37.02400674
1700251;-9.466365756;-49.33991389
1716703;-8.893840923;-48.74455477
3113909;-21.453956;-45.1800767
3114006;-20.561025;-44.88860898
3114105;-22.088368;-45.17023622
2929008;-12.66248358;-38.99381306
2929057;-13.55242566;-44.05225849
2929206;-12.64308469;-38.63196362
1707207;-9.333847215;-49.01898561
3522307;-23.63492425;-48.13796403
4108908;-22.91929849;-52.74146542
3115607;-19.1070235;-45.70613615
3115706;-18.7755145;-41.28923877
1720309;-5.24238162;-48.32284081
1715754;-13.0413963;-48.33149247
1716109;-10.21768856;-48.86696298
1716208;-12.75379136;-47.78592525
1716307;-7.552045436;-48.99738191
1718899;-10.96374242;-49.320001
3509254;-24.77635962;-48.19702624
3117603;-19.790728;-44.83233914
4217808;-27.09167531;-50.10487366
2932200;-14.26321088;-39.43252256
2931202;-13.58244452;-39.21639319
3501202;-20.29421572;-49.93351067
2507200;-7.406914053;-35.63586576
2507309;-6.6044962;-35.26375853
3118502;-22.532796;-45.91788726
3118601;-19.89118833;-44.08724546
3506409;-21.41563404;-50.47643319
3524600;-24.77871149;-48.02220498
2615003;-7.884673829;-36.1307706
3119609;-21.601947;-43.28710315
3507803;-21.0436065;-47.61000515
3507902;-22.28970782;-48.10421356
3118700;-21.177991;-45.41985261
3118809;-16.615768;-44.27254278
3506508;-21.26432526;-50.35066174
3506607;-23.6216765;-46.01927777
3506706;-21.94908339;-48.47716533
3506805;-22.09276647;-48.52016836
3506904;-23.13047365;-48.25274058
3507001;-23.28496136;-47.68953603
3536703;-22.2895131;-48.87767021
3543907;-22.3980138;-47.56267394
3512209;-22.3823031;-47.13619191
3551306;-20.63424064;-49.90360763
2609204;-8.832043716;-35.77216104
2414209;-6.238508497;-35.09489778
3523800;-21.75830934;-46.90784241
4322251;-29.47810868;-51.42707981
2928703;-13.00822794;-39.23039406
2928802;-12.46100229;-39.26601499
2607406;-8.770113328;-38.75662211
2605400;-7.947620472;-35.37331462
3124609;-21.7096675;-42.45737649
3531001;-20.87529479;-50.08807884
2311207;-7.06689801;-40.05076212
3121258;-19.9308585;-47.7971476
3121308;-21.4456965;-42.96702056
3121407;-20.6359595;-44.25568866
3121506;-21.134348;-43.53665776
3518701;-23.9507875;-46.23887538
3519071;-22.86949541;-47.19791977
3122603;-18.9324995;-43.25988001
3127057;-16.89018;-40.85310662
3519204;-21.7959872;-50.62477467
3519253;-22.81309369;-49.10212285
3519303;-21.94038122;-48.00737987
3519402;-21.07166355;-49.22362553
3102407;-18.7763475;-43.39258722
2312502;-5.310098242;-38.2718948
2902807;-13.68078298;-40.91835907
3122207;-18.800493;-42.60785775
3122306;-20.1137535;-44.96376842
3122454;-15.77058218;-40.9482492
2605509;-7.471850275;-35.25770911
1600212;1.066151906;-50.33909487
2608206;-8.564987439;-35.55145856
2607109;-7.71193023;-37.42469395
3134004;-16.5988545;-41.8111278
3102506;-20.529199;-42.80079144
3102605;-22.057444;-46.55935116
3127073;-16.1299665;-42.5291697
3537206;-24.177729;-47.1630727
1600238;0.873597426;-51.22468387
1600253;0.490261104;-50.61388743
4309654;-31.51417154;-53.90099292
3149002;-20.8278075;-42.15504384
3149101;-22.2474355;-45.46345803
3170529;-16.0219665;-45.60831897
2514909;-6.924446876;-37.09266776
2515005;-7.247038948;-35.20333137
2515104;-7.088373585;-35.85249331
4203907;-27.42410899;-51.63022341
5103908;-15.60553615;-53.02045316
5104500;-15.32911809;-58.60487529
3103900;-19.8850945;-45.18869354
3104007;-19.6343025;-46.97777639
3104106;-21.352493;-46.93957016
3104205;-20.235067;-45.55102957
5218102;-17.33908995;-52.67186041
2608602;-9.166662202;-36.45619676
3153509;-20.438424;-41.95330666
3125408;-18.1474405;-43.24054721
3125903;-19.2472455;-42.92230014
3518107;-21.91345249;-49.59672351
3534708;-22.95452066;-49.85622084
3534807;-21.49641735;-51.72834121
2610301;-8.894862722;-36.73661338
2608701;-8.677905448;-35.89564986
2902906;-14.91608015;-40.57362272
2903003;-12.01133706;-42.09325588
2401602;-5.691605449;-35.80026272
3103207;-19.25048;-44.21477413
3103306;-21.348713;-43.3935423
3103405;-16.895471;-41.95489169
3103504;-18.607283;-48.23081408
3103702;-20.666882;-42.49198069
3103751;-18.4761885;-49.13518455
3103801;-19.025411;-46.10127275
2400208;-5.592742116;-37.01241359
3524204;-20.65716726;-48.4145648
3524303;-21.2097219;-48.30801202
3524402;-23.2959545;-46.00627906
3524501;-20.9423476;-49.58862661
3526001;-21.46405414;-51.42684025
3526100;-24.2162317;-47.66275501
3124005;-20.8691365;-42.62001928
3124203;-20.588409;-41.9558177
5216908;-14.53593239;-49.47502248
5217104;-17.30830178;-48.99387044
3105905;-21.176058;-43.960903
3106002;-19.8062265;-43.10251335
3109006;-20.18655747;-44.12698033
3109105;-22.488362;-46.35617865
3109204;-17.848214;-43.95339577
3109303;-15.43986283;-46.61184711
3109402;-17.2801025;-45.2195429
3109451;-16.06895744;-47.11432443
3109501;-21.48338;-46.390432
3109600;-19.513502;-44.47638802
3109709;-22.372679;-45.78464154
3102704;-15.9615125;-41.50986606
3127602;-18.505399;-43.80499302
5105200;-16.20012294;-55.01229996
5106109;-15.9325087;-56.34983151
3546009;-23.41821212;-45.88533922
3111150;-16.516494;-44.76519378
3111200;-20.9424515;-45.25659619
3111408;-19.714363;-48.65154848
3111507;-19.610631;-46.19538722
3111606;-21.289663;-45.72624624
3111903;-21.0306995;-45.18663329
3111705;-20.6704225;-42.62038387
2708907;-9.579027703;-35.84867079
3554607;-23.19703294;-49.59808467
3133600;-22.7071275;-46.23017201
3133709;-20.2061175;-44.45377496
3133758;-20.73475747;-46.76903139
2204550;-9.085987519;-43.66105914
4106571;-25.59642307;-53.12514669
4107751;-23.85720943;-50.42138769
4101507;-23.4461845;-51.43674405
4101606;-24.07223055;-49.93529785
4101655;-24.32760866;-51.84393545
4108106;-23.1053111;-51.96320892
3555356;-21.21612662;-49.74977247
3555802;-20.19801836;-50.6478581
2501906;-6.710268014;-35.50906195
4101705;-23.92600483;-52.51367389
4101804;-25.6341787;-49.45217566
4101853;-24.37887246;-51.54560044
2922854;-12.77277176;-41.07729436
2922904;-11.31710642;-38.58084239
2923001;-17.88680138;-39.68901434
2502904;-6.391223331;-37.84316659
2510006;-6.952383259;-38.33637431
2603405;-8.019100907;-38.09798957
2603504;-8.340537935;-35.77005595
2509396;-7.292066676;-37.35913384
2100055;-4.702688621;-47.21896099
2604155;-7.762819619;-35.72255752
2807303;-10.18673449;-36.88706614
4201000;-27.73189241;-51.0873567
4302352;-29.47371648;-51.36268882
3162104;-19.36636904;-45.99866772
2909208;-10.27527812;-37.92802274
2925006;-14.74152119;-40.43096645
2925105;-14.57043825;-40.34480222
2925204;-12.35407893;-38.24262193
2925253;-10.98680545;-40.10102055
2925303;-16.63610033;-39.27035178
3145109;-21.083064;-46.43764659
4118451;-24.63892856;-54.2545904
1600204;2.620189863;-51.23670009
2610608;-7.886681434;-35.15456358
2203008;-10.75791254;-45.1037483
4211900;-27.76206412;-48.64124175
4205704;-28.03135735;-48.65413624
3125804;-19.107005;-42.10504154
3534757;-19.92244066;-50.40099931
3534906;-21.49671144;-51.27557138
3535002;-20.33799489;-49.47532431
3126802;-18.1407625;-41.54820883
2513968;-6.803365238;-37.94939378
2203271;-7.880961304;-40.81101595
4315131;-29.16110572;-52.2392854
3127305;-18.8898065;-41.58399439
3537602;-24.2833595;-46.98304793
3537701;-21.5761769;-50.63506951
3537800;-23.80171861;-47.44597359
3537909;-23.85934292;-47.70547346
4210308;-26.50756715;-50.34289471
3149952;-19.0848505;-42.22483732
3150000;-18.3368295;-41.57167269
3150158;-19.7624445;-42.04770242
3150208;-20.2402065;-42.73374332
3150604;-20.5199385;-44.43154867
3550803;-21.74974199;-46.75493073
2205599;-6.494679764;-41.52324259
2209500;-7.452794142;-42.03382185
3151206;-17.379377;-44.86199568
4216305;-27.32726383;-48.85868754
3153103;-20.777486;-43.15527821
3153707;-19.259562;-45.62878609
3138302;-19.6677615;-45.03634351
2506400;-7.143429749;-35.43938818
2106755;-3.548104022;-44.52609713
2506707;-7.397852721;-37.57326996
3158409;-21.277689;-42.54044783
3159001;-19.1821615;-43.6366222
3160405;-20.093806;-45.24612825
3161205;-20.694529;-44.99644277
3161601;-18.896454;-42.31104191
3162302;-21.948229;-45.92103301
3162948;-20.7601795;-46.22643691
3163409;-19.9379275;-42.69974591
3163607;-20.0251585;-41.77442683
2804706;-10.07992228;-37.02282535
2609808;-8.454405544;-39.61070896
3541109;-22.12330944;-49.46973283
3543253;-24.18327234;-48.36201287
3543303;-23.69428373;-46.38791665
3543709;-21.57617159;-48.07048372
3543808;-21.68118759;-50.71949851
3545001;-23.57754597;-45.84883188
3128105;-20.7430005;-45.93448714
3128204;-20.5636275;-43.01588831
3128253;-17.0679395;-43.63669469
3128303;-21.2792;-46.8056239
3129004;-21.016702;-42.69507056
3129103;-19.0582475;-49.83947982
2901601;-10.39440069;-38.30121523
2902203;-12.07057034;-38.50791716
4214805;-27.1853075;-49.63630418
4214904;-28.08093794;-49.23283458
4215000;-26.44930861;-49.61373813
4215059;-27.91721807;-49.77969887
4215075;-26.98360282;-53.34195673
3149606;-19.619413;-44.6485254
4111704;-23.71913742;-50.07075125
4111803;-23.14662581;-49.97447976
4111902;-23.04996896;-51.61776194
4112009;-24.3402797;-49.78421699
4112108;-23.62742015;-51.69156779
4112207;-24.15351339;-52.7926497
2402303;-5.788868055;-37.59354333
4321832;-29.44483778;-50.09301364
3549102;-21.96647083;-46.81565134
3130408;-21.17486;-44.94446787
3550407;-22.55850914;-47.93438557
3550506;-22.68947268;-49.74933696
3550605;-23.53276;-47.08116707
3550704;-23.7455285;-45.6847454
4312500;-30.85476004;-50.71009444
3132602;-21.426905;-42.84648893
3133907;-20.678016;-43.61965806
3134103;-19.37324206;-41.06944843
4318408;-30.29156556;-51.92708148
3165537;-20.058218;-44.1170615
4312609;-29.13970146;-51.79323784
2800100;-10.1750626;-36.92264649
3135456;-17.1866055;-42.17891494
3136009;-16.797745;-40.94643196
3136108;-19.226497;-42.70114305
4312674;-28.5217666;-52.45474121
3138401;-21.5446095;-42.6806446
3138807;-19.863979;-45.68102641
3204401;-20.78423189;-40.95976068
3204559;-20.08668181;-40.8052793
3204609;-19.86577435;-40.6658337
3204658;-19.16199464;-40.61965774
3204708;-18.95380612;-40.52836922
3204807;-20.97571613;-41.64867431
3204906;-18.79659912;-39.92132194
3204955;-19.7266138;-40.64796057
3205002;-20.13690985;-40.30887556
3205010;-19.06720942;-40.16094653
3205036;-20.64793723;-40.99695004
3205069;-20.37142229;-41.14620806
3205101;-20.39191612;-40.46727516
3205150;-18.60742835;-40.62851682
3205176;-18.96193289;-40.34689431
3205200;-20.4277749;-40.3774556
3205309;-20.2797085;-40.31513996
3201100;-21.07494799;-41.60173493
5221908;-17.08577272;-49.59171029
5222005;-16.87812012;-48.46697645
4312757;-28.70788918;-52.17186576
3202002;-20.31885699;-40.84193004
3202009;-20.626961;-41.79477614
3202108;-18.23577768;-40.83298624
3202207;-19.95321447;-40.37793133
3202256;-19.20208599;-40.50757162
3202405;-20.61508045;-40.53108592
3202454;-20.27236701;-41.50636502
3202504;-19.82918421;-40.42975388
3202553;-20.51881854;-41.65905266
3202603;-20.7633368;-40.86086416
3202652;-20.33639143;-41.62337487
3202702;-19.7254853;-40.85958175
3140902;-20.3033865;-42.30081103
3141009;-15.456889;-42.84036744
2508505;-7.327082555;-36.93655368
4313003;-29.21628728;-52.0264958
3142502;-18.3927405;-43.99754861
3142601;-21.730423;-45.48812817
3142700;-14.471812;-44.52837796
3143153;-16.8820125;-41.27138128
4201109;-27.87100385;-49.1460583
4201208;-27.48585927;-48.82552694
4201273;-27.13474252;-52.17962276
4201307;-26.44267944;-48.76275066
4201406;-28.94577373;-49.50615012
4201505;-28.23408975;-49.01932206
3301850;-22.59032003;-42.95073941
3304128;-22.36296305;-44.24938426
2102200;-3.882214937;-42.96361281
4125803;-23.82991637;-51.88364389
2205359;-8.55138838;-42.43451108
4106506;-25.99411579;-52.56045176
2205607;-7.332101657;-43.93850981
3144409;-22.1439305;-45.56056446
3128907;-18.7967095;-46.77397376
3549805;-20.7840945;-49.36762784
3549904;-23.061549;-45.95750522
3549953;-23.85648071;-46.93250513
3140852;-14.837787;-43.72052686
3144300;-17.735598;-40.44475394
3144508;-21.212915;-44.64857633
4116802;-24.63142004;-52.54010704
4313011;-27.60277298;-54.14135968
4101309;-25.94377081;-50.10314849
3145406;-21.9092605;-43.94730552
3145455;-17.5483265;-43.673846