5100359;-11.78834847;-51.69416533
5100805;-8.582654297;-58.01977604
2505501;-6.763859802;-37.57249693
5208608;-15.29727045;-49.19275029
5208707;-16.64291393;-49.26536527
5209408;-13.87880808;-46.48190785
5209457;-14.70330629;-49.70653451
5209903;-14.08603092;-46.70776533
5209952;-17.20900885;-50.01324329
5210109;-17.45308856;-48.02042109
5221502;-16.57781185;-50.11508272
4215653;-29.12311958;-49.74524988
2512507;-7.397904928;-35.92184174
2512903;-6.768890286;-35.09947001
3105400;-19.896333;-43.47171061
3105509;-21.2681845;-42.27312602
5210208;-16.45095205;-51.12198964
5210307;-16.35570975;-50.89401976
2202083;-2.991239382;-41.35388948
2610202;-8.661357779;-36.07329399
5213087;-13.49418765;-48.37139854
5213103;-17.55632939;-52.74539061
4321303;-29.74049185;-51.83126115
2514602;-7.145483899;-37.30501231
4117404;-23.46148862;-52.23168946
5213400;-16.50841344;-50.70651077
5213509;-13.3100433;-47.02938894
5214606;-14.4770305;-48.42783173
3112802;-20.611404;-46.13262433
5214838;-14.02765223;-50.50342493
5214861;-15.08018787;-49.50857225
5214879;-14.30917803;-49.29525526
5214903;-13.76771281;-47.01583212
5215231;-16.12458051;-48.07751394
5007554;-21.22886468;-52.84560671
5007695;-19.14994427;-54.48677333
5007802;-20.2666079;-51.76138503
5007703;-23.87291187;-55.13047243
4120507;-22.85766085;-51.05692611
1501451;-3.247252396;-54.93820981
1501576;-5.028500921;-48.77122583
2403905;-6.042441566;-38.13841475
1501600;-1.394566076;-47.31383484
1502202;-1.188281025;-47.12824401
1502301;-2.065623071;-47.25788086
1502509;0.01834124;-49.88509885
1502707;-8.206864679;-49.54805409
1712009;-9.839168665;-48.28752955
1504752;-3.03708352;-54.5380037
1504802;-1.02143815;-54.28838431
1504901;-1.315992844;-49.34445128
1504950;-2.396086457;-46.79073316
5007901;-21.08334511;-54.90001487
5007935;-17.61663413;-54.61640046
5007950;-23.63486815;-54.96852097
5008305;-20.40516885;-52.32474863
4121356;-24.27049111;-52.9323538
5215306;-17.01976611;-48.19938333
2500577;-6.884930869;-35.9694502
1504059;-1.989090256;-47.50750245
1504208;-5.52473479;-49.94447411
1504455;-3.165058785;-53.21736585
1504505;-1.533660376;-51.0686552
1504703;-2.535322413;-49.06018416
2501005;-6.528149015;-35.77354499
1505031;-7.907613843;-55.59574605
1505064;-4.524824121;-50.19475796
1505106;0.075190279;-55.76110909
1505205;-2.386159993;-49.92644834
1505304;0.269577944;-57.52329724
1505437;-7.45501212;-51.5146738
1505486;-3.699699322;-50.60320547
1505502;-3.124002474;-47.4038241
1505536;-6.198719089;-50.42980449
1505551;-7.72512484;-50.13525699
1505601;-1.131749352;-47.27266865
1505650;-3.913568836;-54.44226523
1505700;-1.108922118;-49.06366992
1505809;-2.620995459;-50.99747187
1505908;-2.169276384;-52.59565419
1506005;-1.919575819;-53.45381851
1506138;-8.060249916;-50.21537033
1506161;-7.370344159;-50.10335365
1506187;-4.454743207;-48.47501443
1506195;-4.200237565;-55.32240499
1710706;-5.786168463;-47.60600908
1507458;-6.167007317;-48.75480437
4202050;-29.01827464;-49.47671005
5212907;-17.96918808;-48.69062331
2202778;-7.273384722;-42.19389727
2604700;-9.121058769;-36.33706841
1508084;-6.812500614;-51.41357986
1508100;-3.799175588;-49.80722651
1508126;-3.801954821;-47.54774372
1508159;-3.57661368;-53.74192622
1508308;-1.561564745;-46.46767651
1508357;-3.173205137;-51.87769228
5100102;-15.19697956;-56.32341988
5100201;-14.088707;-52.4383539
5106240;-12.96600848;-54.87150532
5106257;-14.67834941;-52.44375094
5106273;-11.39491674;-57.2758332
5106265;-9.812122538;-55.35640373
5106315;-12.31177528;-50.97610553
5106281;-15.06024345;-53.19276574
5106299;-9.565234051;-56.64523342
5106307;-13.34065965;-54.28296323
5106372;-16.79037666;-54.25193771
5106422;-10.19396852;-53.53617235
5106455;-14.54180808;-54.66126465
5106505;-16.80026214;-56.9668858
5106653;-15.91784198;-52.66440161
5106703;-16.66976596;-52.92805444
5106752;-15.42973234;-59.30295541
5106778;-10.76537631;-51.59394216
5106802;-11.77327196;-56.69350629
5106828;-15.89287454;-58.85038733
4112702;-23.24890971;-50.94071259
5107925;-12.69458916;-55.77857826
5107941;-11.06620866;-56.77647927
5108501;-12.48548061;-55.32661477
5001102;-19.54815635;-55.98141736
5001243;-22.97168412;-55.4637131
5001508;-19.82549052;-54.19863193
5001904;-21.86401732;-52.41694085
5002100;-21.91973229;-56.47922471
5002159;-20.53216684;-56.65112058
5002209;-20.9615666;-56.5334503
5002308;-21.06011413;-52.39586403
5002407;-22.62712904;-54.91299131
5002605;-19.32357172;-53.96031375
5002704;-20.87610278;-54.34795004
5002803;-21.90405782;-57.03420851
5002902;-19.06052189;-52.16879477
5003306;-18.18873566;-54.94405111
5003488;-20.59143859;-55.39722308
5003702;-22.16104173;-54.540298
5003900;-18.77033776;-53.81577129
5004106;-21.53836516;-55.9615265
5004304;-23.41636844;-54.55689718
5004403;-19.660592;-52.026746
5004502;-21.99745772;-54.87245746
5004601;-23.38879649;-54.09829229
5004700;-22.36011425;-53.8349906
2707107;-9.505726643;-37.73340129
2412708;-5.890087885;-35.6110045
3153806;-20.7312295;-43.89982373
3153905;-19.97822348;-43.77888411
3154002;-20.0241235;-42.41374556
3154101;-21.518329;-42.45548962
3154150;-20.233366;-41.94896016
3154200;-20.8638955;-44.28825295
3154309;-19.2183735;-41.15281375
3154408;-21.084193;-43.73403346
3154457;-16.2728015;-45.96125157
3154507;-16.0431985;-42.9501945
3154606;-19.77783589;-44.05966423
3154705;-21.1498045;-45.07898432
3154804;-20.099557;-43.76306129
3154903;-20.131435;-42.69437613
3155108;-16.6841115;-40.55818066
3155009;-20.212743;-42.92323417
3168101;-19.913176;-46.84806686
3168200;-19.874022;-46.16441381
3168309;-19.63009;-43.68006716
3168408;-19.2882375;-41.89331865
3168507;-20.626538;-42.85085298
3168606;-17.686009;-41.3844131
2100204;-2.369885725;-44.50975554
2100402;-4.087508874;-45.49697744
2100477;-3.96942559;-46.11063689
4114708;-23.59044864;-53.22168369
1506104;-0.937794088;-47.15255145
1507003;-1.096526469;-48.14158135
4318457;-27.79544762;-53.12888391
2509057;-6.75113545;-35.00933731
2104651;-3.403007334;-45.94400622
2104677;-2.037935801;-45.79932609
2415008;-6.30256602;-35.08987335
2104909;-2.148305815;-44.65541792
2105005;-2.628644227;-43.58412886
5008404;-22.48761049;-54.42514887
3100104;-18.373767;-47.48880406
3100203;-19.0972285;-45.37113729
3100302;-20.2810085;-42.47093975
3100401;-20.3982595;-43.11145305
2306256;-3.990383766;-38.54308959
2105922;-6.006513012;-43.48647831
2105963;-4.989472401;-45.38430284
2105989;-6.101407647;-46.95559506
2307908;-3.148767544;-40.64828048
2106102;-7.202082088;-45.17007282
2106201;-1.367757155;-45.86930973
2106326;-2.007776289;-45.98058116
2106359;-4.75061461;-45.62089485
2106409;-3.650323525;-43.2402008
2106607;-5.379346258;-43.34200539
2509305;-6.552941932;-35.04726821
2108603;-2.494990523;-45.14563634
2109007;-6.384588085;-47.27031761
2109056;-1.905874884;-44.66626621
2109106;-5.2883458;-44.46173503
2109205;-3.098132861;-44.0629584
2922508;-12.94662513;-38.9765215
2109502;-7.747001857;-46.62649677
2109601;-2.955997692;-44.20591675
2109700;-7.396650442;-45.56666735
4106001;-23.62360592;-50.51751091
2509339;-7.119764551;-35.77699957
2109809;-2.464450209;-45.52041374
2109908;-3.848979836;-45.43249547
1505007;-1.169504856;-47.40402941
4215802;-26.29507859;-49.33596412
3152105;-20.4207095;-42.9248409
3152131;-16.604997;-44.95010134
2110708;-5.666591704;-44.31787424
2110807;-7.109622279;-44.88642241
2110906;-6.210093241;-43.11746174
2111029;-3.499879799;-46.30474201
2111201;-2.59708725;-44.09392129
2111250;-5.015670483;-44.55211689
2111300;-2.626482961;-44.30295597
2111409;-4.358752067;-44.62395227
2111508;-3.986476898;-44.50622777
2111573;-6.850671018;-46.80806661
2111607;-7.052155804;-45.66768142
2111763;-5.381002713;-47.13969774
2111789;-1.886599665;-45.04452492
2111805;-6.275227249;-46.55411741
2111904;-6.503124186;-44.3274794
2111953;-6.434412879;-43.5119107
2112209;-5.172941037;-42.99059879
2112308;-5.601283558;-44.85500827
2112407;-1.706927002;-45.54095737
5200506;-17.69346985;-49.46387533
5200555;-14.17942258;-49.41346824
5200605;-14.16216868;-47.64813291
5200803;-14.57043688;-46.56989879
5200829;-13.84184684;-49.49194493
5200902;-16.66350125;-51.08277131
5201108;-16.30501191;-48.90727811
5201306;-16.40692521;-49.98878623
5201405;-16.80911502;-49.26279748
5201504;-18.80629806;-52.0251588
4320404;-28.68688331;-51.92395125
5215603;-15.37285825;-48.25181231
3157401;-20.229074;-42.8259072
3501707;-21.72391253;-48.03703585
5201801;-16.93935904;-49.42278394
5202155;-15.13556542;-50.3983205
5202353;-16.34363306;-51.55083326
5202502;-14.71688256;-50.93622677
5202601;-16.67660677;-50.48653486
5202809;-16.49133378;-49.76399493
5203104;-16.34049468;-52.47812644
5203203;-14.90353153;-48.87634722
5203302;-16.97286598;-48.91910502
5203401;-16.19416786;-52.08618543
5203500;-18.19968252;-49.84165639
5203575;-13.54173369;-49.8585882
5203609;-16.37352956;-49.40300145
5203807;-15.20309131;-51.28133735
5203906;-18.13618602;-48.98452851
4108403;-26.06790049;-53.10360617
5204003;-15.74641734;-46.96503283
5204102;-18.6008313;-50.9780383
5105507;-15.13650118;-60.01864494
5108600;-10.01612601;-51.44065111
5000203;-20.1464653;-52.92654095
5000252;-18.22504642;-53.74263699
5000609;-23.21784499;-55.01136066
4320354;-30.63024907;-51.60203526
3105608;-21.252517;-43.81188747
5211008;-15.73976902;-50.75608337
5211206;-15.57037775;-49.91724118
5211305;-18.88905953;-51.2424002
5211503;-18.37543334;-49.38973063
5211602;-16.68853978;-50.92612957
5211701;-17.12876935;-50.1951317
5211800;-15.72054616;-49.35294755
5211909;-17.90368125;-51.71556281
5212006;-16.17081087;-51.06724785
2605004;-8.582095367;-35.93135892
5212204;-15.52739406;-51.43854501
5212501;-16.55447798;-48.02457304
5212600;-17.32688426;-49.5078776
5212709;-14.43466083;-46.08622338
5212808;-14.02898972;-49.47377726
3111309;-21.106676;-45.83148511
5212956;-15.31053414;-50.8155902
5213004;-18.04446068;-50.32712723
5213053;-15.0093495;-48.28330614
2101939;-4.667593345;-44.68268119
5220207;-12.98563504;-50.22493613
5220264;-17.00054543;-48.64984173
4124509;-22.72560411;-51.80710459
5220504;-18.22339001;-52.21335661
5220603;-16.60506399;-48.47679644
5220686;-14.4397643;-46.57368439
5220702;-14.6957269;-46.25928072
5221304;-18.36793518;-47.7964534
5221551;-17.79815914;-50.35517001
5221577;-14.1362533;-49.97870955
5221601;-14.3245954;-49.04666346
5221700;-15.6147606;-49.63125613
3200508;-21.07064128;-41.53931008
2407708;-6.508491322;-35.28647454
3203346;-20.43316585;-40.8012739
3203353;-19.42777437;-40.53676504
3203403;-21.06575801;-41.3640843
3203502;-18.12135491;-40.27036309
3203601;-18.0171865;-40.52946153
3203700;-20.40237567;-41.39716804
3203809;-20.93288461;-41.36215306
3203908;-18.6569343;-40.39806561
3204005;-19.14859281;-40.8182414
3204054;-18.14774304;-40.03369006
3204104;-18.37206389;-40.18361455
2300309;-6.153415851;-39.54285872
2300408;-6.585862225;-40.31446893
3162658;-16.551899;-44.54307595
3162708;-15.3601685;-42.04700949
3162807;-18.4969075;-42.75901819
2921708;-11.37538301;-41.13797613
2202851;-8.963132364;-42.28361688
2301307;-7.214000072;-40.07076951
2301604;-6.920901211;-39.83492383
2302008;-7.110883546;-38.79318166
3503950;-20.18408433;-50.72270663
2302800;-4.403889837;-39.4234208
2303006;-4.15495272;-39.12814479
3165404;-22.7963045;-45.85788164
2303303;-6.65708225;-39.4746981
2303501;-4.247688443;-38.31314683
3166956;-15.870413;-42.89653818
3167004;-21.8277545;-44.51972644
2105427;-4.165871102;-47.17355987
2303931;-4.796318918;-39.19908428
3169208;-20.89111504;-42.06688601
2304103;-5.209849438;-40.667323
5103700;-11.82036938;-53.91404509
4308250;-27.85418996;-52.03456386
2304251;-2.886071831;-40.30170601
2210003;-8.333196382;-42.25375029
2703700;-9.659631257;-37.00990359
2210052;-3.780486854;-41.8348759
2107308;-6.773218805;-44.1444106
2304707;-3.265882045;-41.10630626
2304806;-6.924754643;-39.25317021
4320552;-30.46448153;-51.62364045
2304905;-3.914986129;-40.3579904
2305233;-4.092896454;-38.46217638
4320602;-27.41113697;-52.13407698
4320651;-29.638694;-53.54880713
2305803;-4.382462957;-40.66190091
2305902;-4.570153208;-40.91139145
2306009;-5.763350375;-38.37306037
2306108;-3.888193854;-39.83094031
2202901;-10.38892491;-45.11821617
2306405;-3.367473287;-39.61592627
2306504;-4.604016333;-38.94550007
2306603;-4.607269202;-39.59759903
2306900;-5.978634461;-38.72973413
2307007;-4.889178271;-37.76248571
2901809;-10.60399458;-40.24604723
2901908;-11.73342367;-38.19385072
2901957;-13.81194944;-39.7461692
4312427;-28.68309093;-52.65481419
1101203;-11.18043628;-61.58373982
2308609;-4.941602557;-40.06643055
4125506;-25.64712577;-49.10745054
4125605;-25.92753749;-50.43976025
4125704;-25.39834921;-54.26756403
2514552;-7.703943521;-38.09137417
2308906;-3.280599163;-40.09524362
4300851;-30.92936736;-51.56073419
2309904;-4.003624628;-40.68885609
4301552;-27.71772592;-52.08413528
2310605;-7.772737783;-39.05998849
4301651;-29.3903153;-51.50646863
2313807;-3.621015984;-39.51355257
2310852;-4.054274795;-38.307901
4318465;-29.06661942;-52.27426064
2312106;-7.220846769;-39.74422819
2806107;-10.68269299;-37.05095528
2201770;-4.372839241;-42.1252109
2201804;-6.909438055;-41.3104806
2313104;-5.298897343;-38.00316563
2313252;-6.722608172;-39.75083091
2313302;-5.878989312;-40.31578521
2313500;-3.377051823;-39.37448992
2313955;-4.172097846;-40.49129676
2900108;-13.29835614;-41.75157557
2900207;-8.852841884;-39.30051042
2300507;-3.585166993;-40.54795228
2514453;-7.235302474;-35.33671707
2903805;-12.74747263;-40.55495937
2903904;-13.28296606;-43.17977307
2903953;-14.381354;-40.57294088
2904001;-12.82624356;-41.70381811
2904050;-11.96927854;-41.32226103
2904100;-12.72616106;-42.6944241
2904209;-13.3058977;-42.5535333
2904308;-13.06940992;-39.85150962
2904407;-12.46859961;-43.83150793
2904506;-12.10564067;-42.40388319
2904605;-14.21293563;-41.75802034
2904704;-14.99649719;-39.28089511
2904753;-10.57203234;-43.72427326
2904803;-15.01264873;-40.33219815
2904902;-12.67490356;-38.87972954
2905008;-14.49117562;-42.25067848
2905107;-11.13962839;-40.26310808
2202653;-3.388236364;-41.84466431
2907103;-14.02290759;-43.8719058
2907202;-9.236853623;-41.26261441
2907301;-12.72512224;-39.37098797
2907400;-12.27642313;-44.73091496
2907509;-12.33380964;-38.40523446
2907558;-13.2307615;-42.31332464
2907608;-11.14167422;-42.11938107
2907707;-9.188471147;-39.22012605
2907806;-10.52156687;-38.43613543
2907905;-11.11157461;-38.5063765
2908002;-14.66598004;-39.56667281
2908101;-14.54475869;-45.26431407
2908200;-12.50788035;-38.97883603
2908309;-12.85802439;-39.25437642
2908408;-11.4709987;-39.23714655
2908507;-12.32741157;-38.73487684
2908606;-11.86416368;-37.66838053
2908705;-14.92354869;-42.07903186
2908804;-13.82926744;-41.10176353
5215504;-18.21735876;-47.7578802
2911907;-12.80193479;-40.14569652
2912004;-14.2820326;-42.30349246
2912103;-14.84896817;-39.55676945
2912202;-13.37385065;-41.29809493
2912301;-14.6611818;-39.82175063
2912400;-11.53364647;-42.2141488
2912509;-12.86803591;-42.36103196
2912608;-12.60336464;-40.86606165
2912707;-14.05862099;-39.41806945
2704401;-9.512337407;-37.01947718
2210359;-9.175148424;-42.56978738
2917409;-14.80544744;-42.28797521
2917508;-11.07471787;-40.67451472
2917607;-13.55076874;-39.97852684
2917706;-10.0792687;-40.12127674
2917805;-13.08839109;-38.87889708
2917904;-11.60713164;-37.62283057
2918001;-13.94850099;-40.24105316
2918100;-9.978327883;-38.50410185
2918209;-13.32718349;-39.58273439
2918308;-13.95379248;-39.87347668
2304608;-4.050103646;-39.44366137
4116505;-23.1708678;-52.60296699
2926202;-11.6763517;-45.2479647
2926301;-11.8177322;-39.40316541
2926400;-13.64388172;-43.01519501
2926509;-10.95674195;-38.39910227
2926608;-10.76126705;-38.50310656
2926657;-15.4579023;-40.6608629
2926707;-13.62789084;-41.70901112