1100031;-13.50701451;-60.67865279
1100601;-10.33045662;-62.96853695
2515401;-6.91494369;-36.44098538
1100049;-11.31733029;-61.25100726
1100908;-11.43842731;-61.89552986
2400604;-6.157867152;-37.7518402
1100064;-13.13619254;-60.53743903
1506302;-0.813201405;-48.58284805
1506203;-0.706373163;-47.35078408
2904852;-12.57706288;-39.2323513
2905305;-11.7238647;-41.48751441
2905503;-11.04781876;-40.24471849
1100098;-11.36930167;-60.73157637
1101005;-10.82250546;-63.24061536
1506351;-1.192048121;-48.23823565
1101484;-11.91614993;-61.45428245
1100502;-11.68929999;-62.08521198
1101476;-11.90818758;-61.30251522
2401503;-5.981453111;-35.93055192
1100262;-9.687692498;-62.83626848
1505494;-5.912764681;-48.35522286
2308351;-5.643860582;-39.18240513
1507409;-1.208032347;-47.74901633
2700409;-9.497059188;-36.08163325
2413300;-6.420086854;-35.71673984
1100288;-11.74102671;-61.75244724
4211876;-27.21333241;-52.48026513
4212601;-27.3575765;-51.87070882
4212650;-28.4079205;-48.88488686
4212700;-27.5536735;-49.68147543
4212908;-26.8194378;-52.97523572
4214201;-26.74022734;-52.72101397
1101708;-11.11408692;-62.45641883
2401651;-5.942359879;-36.42967175
2400109;-6.430338607;-36.6366178
2500205;-7.085519032;-38.18898586
2400802;-5.641937705;-36.54226596
2401859;-5.174628266;-36.09071509
4214300;-27.67888977;-49.06623971
4215554;-26.9196405;-53.6239937
4215687;-26.58524901;-53.16354282
4215752;-26.4880724;-52.99242412
4216008;-27.03221371;-53.02898495
2314102;-3.503251495;-41.1178424
2400901;-6.206858364;-37.9019567
1506609;-1.367264123;-47.53092963
2103604;-4.191027813;-44.1404026
4217006;-28.35042785;-49.16406708
4217154;-26.68610273;-53.24045133
2500403;-7.065370315;-35.76695976
2401909;-5.756906555;-36.0110951
4217204;-26.72355107;-53.50845608
2401008;-5.628071806;-37.85651489
2205300;-7.110420613;-43.5373966
4217253;-27.58595233;-48.8348064
2401107;-5.023154573;-37.07153979
2401206;-6.193809555;-35.2041733
4217550;-26.69488196;-53.02341067
3156106;-20.9764145;-44.36702444
3156205;-21.6404995;-43.02386779
3156304;-21.213514;-42.83611472
3156403;-18.9068385;-47.55502159
4217956;-26.67566602;-53.15179041
4218103;-28.82468883;-49.85507309
4218202;-26.81275664;-49.26750695
4218350;-28.50962514;-49.4951855
4218400;-28.56939391;-49.14674802
4218509;-26.93923435;-51.48930412
4218608;-27.31418221;-49.81223246
4218707;-28.47910269;-49.05543218
4218756;-26.98923932;-53.63781824
4218806;-28.89344104;-49.72495681
3156452;-20.9830345;-42.50085872
3156502;-16.361954;-42.18900532
3156601;-16.4418815;-40.50983788
3156700;-19.846002;-43.82511525
3156809;-18.649622;-43.04210124
3156908;-19.8561415;-47.36279277
3157005;-16.0855905;-42.11103247
3157104;-16.12233;-39.99858622
3157203;-20.0536185;-43.58788963
3157252;-19.951999;-42.12518048
4218855;-26.79134878;-52.85942683
2401404;-6.424236419;-35.04914307
2401453;-5.082580467;-37.62169688
2402006;-6.459247096;-37.05771083
5204854;-16.28378242;-49.10640647
2402204;-6.417519156;-35.15501829
4300455;-27.80798704;-54.04792486
4219606;-27.0145723;-52.32934941
4300109;-29.64293742;-53.26908123
2412104;-6.687882506;-37.20212282
4300208;-28.20817339;-53.73004114
2500536;-7.694207398;-36.04951606
2501401;-6.651423765;-34.99518167
2500809;-6.870726572;-35.35223547
2403103;-6.242405393;-36.42833962
2403608;-5.677305135;-35.26983695
2403756;-5.775175898;-36.36457805
4300505;-27.20378213;-53.0949304
3159605;-22.2400615;-45.69765973
4300802;-28.88158928;-51.31264076
4302154;-27.70404065;-53.3471987
2403806;-6.18028593;-36.83058262
2404200;-6.287188089;-35.20982399
4300638;-30.79118958;-52.36194044
2413409;-6.574073568;-37.35354222
4300661;-28.58982511;-51.50498224
2413805;-5.93589491;-38.07806552
2500908;-6.862097955;-35.75059287
4300901;-27.38191129;-52.29184605
2501104;-6.949272169;-35.68910991
2501302;-7.545943223;-35.69150173
4301073;-31.43772476;-52.41053162
4301206;-29.25569324;-53.04293761
4301107;-30.1788552;-51.76120826
4301404;-28.88970487;-52.22325098
4301925;-27.39003178;-52.39815997
2406106;-6.026391665;-37.0095201
2406155;-6.251103591;-35.33881232
4301503;-28.53235314;-54.00597773
2406502;-6.093095378;-36.52708209
2406601;-6.145878701;-35.49117683
2407401;-6.093791767;-37.89971385
4301750;-30.43236761;-51.80016149
4301859;-27.21306753;-53.75094504
4302204;-27.67921676;-54.09781265
2407807;-6.114213592;-35.40670959
2300150;-4.225036789;-38.64756774
4301875;-30.12783607;-57.30119833
2413904;-5.599155857;-35.58533447
2501500;-6.696108391;-35.60831808
2103802;-5.021099739;-44.39890006
4302006;-29.09973819;-52.60381439
4302105;-29.10644636;-51.56743541
4302378;-27.54104551;-53.84472678
4302451;-29.3040124;-52.41592597
2414704;-6.319050762;-35.36491064
4302584;-28.35865239;-53.7483697
4302709;-30.18721398;-51.94130182
2414753;-6.32206817;-38.52079822
4303301;-28.34449631;-54.61459772
4309407;-28.85165;-51.9298514
4303400;-27.24752696;-53.44355859
4303558;-28.61129863;-52.22311087
4303673;-28.71926409;-51.10668837
3164605;-20.2534655;-45.01740488
3164704;-20.9022735;-47.04434764
3164803;-19.294987;-43.17832529
3164902;-22.21133839;-45.02510748
3165206;-21.740376;-44.97605407
3165008;-20.9445335;-44.56416125
3165107;-20.78024405;-47.12740116
3165305;-21.658827;-44.47526213
4303806;-27.74070966;-52.64197374
4304002;-27.67148558;-53.82185428
4307708;-29.85104298;-51.18346554
4304101;-28.90878746;-53.04598037
3166808;-19.1267335;-46.63084695
3166709;-17.75341824;-40.26182785
3166907;-21.570966;-46.11512771
4304614;-29.32376149;-52.23356111
2703908;-8.958151125;-35.51812124
4304663;-31.84845977;-52.542692
2508109;-6.585685561;-37.90018899
4304689;-29.71105423;-51.37053491
4304697;-29.28038239;-51.9850996
4304952;-28.23775319;-51.73721882
2704104;-9.794543242;-36.73022731
4305124;-31.74900154;-52.81095939
4305355;-29.99517702;-51.54849471
4305132;-29.62760463;-52.99992925
2503753;-6.946060275;-37.81585878
4305173;-30.57827062;-51.77764319
4305207;-28.13771017;-54.74543361
4305306;-28.09531506;-53.15395754
3171030;-15.5625345;-43.59525723
3171071;-17.50977556;-42.73374059
4305405;-27.98377589;-53.91609514
4305439;-33.65213509;-53.40989636
4305447;-30.76708717;-51.99748493
4305454;-30.13895934;-50.28359732
4305504;-28.36671024;-51.90839885
2604403;-8.006876921;-35.22613666
4305603;-28.46229892;-53.00149729
4305801;-27.68994069;-53.01261114
4307807;-29.51375565;-51.92422133
4305850;-28.13555113;-52.73736639
4307864;-28.88612956;-51.72312489
4108551;-24.15471989;-51.88480116
4109104;-23.33272922;-52.81132489
2210383;-5.804238035;-42.27550853
2901502;-12.1762561;-39.23569388
4305900;-27.80790068;-53.62805362
4305975;-28.1251205;-52.32774961
4306007;-27.48445825;-54.12078921
4307906;-29.19551101;-51.33966567
2501609;-6.767884307;-36.04658647
2706802;-10.40121188;-36.4188434
4306056;-31.03126102;-51.97618142
4306130;-27.62853166;-52.64791475
4306973;-27.82562262;-52.31631866
4306205;-29.55265643;-52.03570354
2503902;-7.907160909;-36.771343
4306320;-27.22915186;-53.89935149
4306353;-28.19874271;-55.08093709
4306379;-29.81081467;-54.1138762
4306429;-27.67820735;-53.48885302
4306452;-28.97257434;-51.84017963
4306551;-29.36731157;-49.8575739
4306734;-27.48516925;-54.35699884
2504033;-6.900748517;-35.16473946
4306767;-30.08118972;-51.50052154
5219738;-16.47757081;-49.29505596
2504702;-7.809634356;-36.64123326
5220058;-16.80751415;-50.36559698
2501575;-7.566314138;-35.9726219
2501807;-7.125774814;-34.92305782
2502003;-6.147557996;-37.3204539
2502151;-7.261362597;-36.22732874
2503100;-7.451686224;-36.31461217
2504801;-7.071167265;-37.9442229
2502508;-7.491763828;-36.13414907
2311702;-4.110655069;-40.61543844
2503209;-7.030965422;-34.84429752
2503555;-7.205835365;-37.10007542
2503308;-6.950003759;-38.70314638
2505105;-6.518747279;-36.03296496
2504074;-7.784530402;-36.48915813
2207504;-5.837855525;-42.97742708
2504157;-6.765729593;-35.85308054
2600906;-8.364874304;-35.46352473
2504405;-7.52874625;-38.566523
2504603;-7.297872271;-34.86013355
2505006;-6.864007156;-36.31768501
2505238;-6.900831475;-35.25524234
2208502;-3.94499476;-42.70873798
2505279;-6.731603955;-35.28400201
2505352;-6.641859595;-35.93328956
2920809;-13.1575465;-40.68044818
2920908;-15.65306231;-39.42794932
2505600;-7.443908088;-38.29112734
2613800;-7.601849486;-35.48531417
2505709;-6.610429665;-35.65105495
2205250;-6.135831373;-42.56796021
2506004;-7.006572753;-35.88875246
2506103;-7.400465771;-35.78014428
2408953;-5.361192902;-35.39282581
2206951;-5.287926138;-41.89672921
2207702;-2.945411027;-41.74128541
2207777;-7.661464664;-41.25591201
2207793;-5.242131911;-42.46929778
2209302;-9.06395156;-44.08335405
2104503;-5.004759245;-44.19660276
2702108;-8.940553708;-35.75708715
2207900;-4.532748841;-41.45971711
2207934;-8.090449671;-42.28071733
2507804;-6.988755828;-36.77305383
2208106;-6.402746495;-41.10046493
2411007;-5.851031524;-38.06659932
1300201;-5.671347021;-71.72881661
2208205;-6.765840753;-40.7329071
2209559;-8.879871893;-43.02570693
2208304;-3.859490108;-41.61154774
2210300;-7.066774992;-40.82771723
2208551;-6.981769761;-44.10520241
2208601;-5.723136287;-42.16886191
2208650;-8.511605572;-41.3241385
2208809;-6.358787218;-42.46693238
2208874;-7.92612894;-42.64177072
2210904;-7.881516327;-42.4468267
2209153;-5.914807163;-41.8341242
2919926;-12.7411606;-38.64016735
2920502;-13.53599981;-40.53672173
2920601;-12.8257028;-38.96574602
2209377;-6.81352423;-42.24276719
2209351;-6.919236901;-41.49122495
2209401;-6.876416881;-41.18103408
2209658;-8.187969238;-41.59944545
2209708;-7.194822734;-42.50902477
2408201;-6.053077521;-35.17137427
2403251;-5.91761463;-35.22395348
2410207;-6.029619052;-38.01373794
2410801;-6.281330099;-38.35476421
2410405;-5.405681439;-35.59461522
2410603;-6.066025967;-37.7258602
2411403;-5.903185496;-36.61809003
2411429;-6.742373823;-36.76424771
2412005;-5.77473175;-35.35676464
2412203;-6.076977858;-35.26470596
2412807;-5.842851753;-36.86982105
2412906;-5.996464198;-36.12134324
2413003;-6.198525743;-36.66447434
1302553;-3.739674399;-60.65828154
2308377;-3.577354531;-39.87453585
2308401;-7.316415011;-39.16373677
2708105;-9.121576469;-36.19377099
2308807;-3.447500199;-40.68938851
2105104;-2.57489428;-43.83314729
4109203;-22.96128659;-51.67125967
2708303;-8.988810108;-36.03201417
1506401;-0.554651105;-49.32417539
2709152;-9.957770633;-36.3652279
4105904;-22.81757454;-52.0038582
1504976;-5.013899547;-49.20563828
2414407;-5.288821901;-35.55673468
4103057;-25.4432978;-53.43679015
4103156;-26.15501189;-53.54649542
2603603;-7.439189067;-35.30757049
3300936;-22.20444588;-41.65161587
3301801;-22.52160002;-43.63449692
3302056;-21.45612262;-41.64488432
1303106;-4.024939119;-58.58775643
1503903;-2.646694683;-56.23667829
4103602;-22.99499821;-50.08377043
1504000;-1.886644058;-49.49576682
1504109;-0.82193622;-47.63996836
2707008;-9.477859945;-36.28654415
2700607;-9.81888794;-35.93251699
2705507;-9.274592108;-35.93408738
1301159;-3.305226251;-59.55655049
2301802;-6.71301039;-38.75042879
3303955;-22.53821913;-43.9815462
1505403;-1.496004749;-47.12378673
3304110;-22.44500476;-44.32806595
3305000;-21.76306844;-41.09624347
2301950;-4.326149836;-38.62336731
3305208;-22.78128227;-42.11914026
2707602;-9.305881229;-36.48036213
4128625;-23.51434765;-53.83222549
4103222;-26.08479853;-52.86057256
4100608;-23.06920811;-52.30590325
4100707;-24.09119746;-53.39283598
4100509;-23.91293343;-53.91656935
4108809;-24.19291101;-54.24606179
4100806;-22.8167932;-51.23782146
4100905;-23.13863167;-52.83505612
4101051;-24.64085535;-53.14139832
4101101;-23.02742914;-50.27738312
4101150;-23.1971637;-51.92122684
4102208;-23.12692852;-52.0771258
1504307;-0.807209045;-47.48069607
1504406;-0.802592334;-47.75538222
2513802;-7.098506736;-37.43079923
2412559;-5.184067894;-35.73796451
2413508;-6.256991142;-35.56574167
2200509;-6.403875179;-42.74807874
2601508;-8.600224602;-35.82389989
1504422;-1.397838755;-48.3219227
4104501;-25.60692205;-53.70551029
4102703;-23.10770144;-50.14759856
4102604;-26.2501086;-53.52576871
4306932;-28.49057432;-54.36009492
4307054;-28.42562416;-52.52589741
4308003;-29.55897819;-53.4620169
4307203;-27.36464567;-52.56200772
4307302;-27.48928079;-53.51558833
2506251;-7.562912029;-35.79824993
2507903;-7.348857786;-35.22191264
2506509;-7.259886223;-36.45342035
2506806;-7.284669423;-35.63773204
2507101;-6.811765017;-35.26102201
4307500;-28.84500341;-52.82568956
4307815;-29.24708365;-53.17933213
4308052;-27.36965928;-52.6634981
2209757;-10.11766074;-45.30461272
4308201;-29.02273457;-51.19832785
4307831;-28.57899163;-54.24388704
4308300;-29.01730613;-52.41148626
4308409;-29.98100804;-53.46845966
4308508;-27.32416624;-53.38138242
4308607;-29.24547729;-51.58360893
4308656;-28.24448971;-55.56102944
2612307;-8.999775067;-36.70949785
4308805;-29.83588282;-51.94157206
4308854;-28.39074798;-52.04050343
4308904;-27.85507396;-52.19849402
4309100;-29.39184497;-50.91325714
4309001;-27.99331424;-54.31643683
4309159;-29.2956487;-52.61884236
4309506;-28.17637632;-54.58150626
4309209;-29.89095116;-50.95289409
4309308;-30.16509334;-51.43308452
2414001;-6.218311549;-35.83791885
4309571;-29.4456186;-52.65524806
4310108;-29.56456364;-50.7743744
4309704;-27.58682637;-53.99106095
4309803;-28.10314458;-51.82075453
4309902;-28.36577761;-51.6268204
2102408;-2.869304537;-44.61475877
4309951;-28.6178908;-52.43980017
4310363;-29.34099589;-51.75261504
4310405;-27.90800191;-54.1749932
2408300;-6.462480724;-35.4476022
2310258;-3.421621028;-39.18025376
4310439;-28.71916647;-51.32196088
4310462;-27.92447358;-52.4396985
4312450;-31.62144237;-52.64284313
4310504;-27.25561077;-53.23564398
4310538;-29.55987818;-53.76586107
4310579;-28.7546533;-52.11973982
2102556;-6.17793794;-47.23953105
4310652;-29.46210601;-50.16602068
4310702;-27.35537525;-52.47145928
4310801;-29.58551309;-51.15836383
4310850;-27.61659047;-53.26362173
4310900;-27.78349927;-52.54088289
4312476;-29.51228182;-51.06475059
2919157;-11.52073849;-41.76293807
4311007;-32.40280686;-53.33545596
2106508;-3.05789764;-45.03922921
4311106;-29.46951827;-54.65935308
4311130;-29.27560293;-54.28611669
4311254;-29.24068988;-52.78281582
4311403;-29.44960757;-51.98924031
4311429;-27.70370988;-53.20580592
4311601;-27.54605235;-53.07661055
4311627;-29.58443027;-51.21622572
4311643;-29.4550847;-51.21058166
2508307;-7.148223184;-35.85567078
4311718;-29.04647523;-55.85685408
3138104;-17.875903;-44.70987361
4311700;-27.59144231;-51.66651021
4311775;-29.624627;-50.2561425
4314308;-28.445844;-53.62211758
4102802;-23.00829983;-51.24489021
4102901;-26.14502426;-51.4962499
4107504;-23.76135167;-52.28210884
4108320;-24.09799146;-53.8861086
2906600;-14.42928192;-42.84603087
4109906;-23.3737018;-53.6007916
4112306;-23.71119425;-50.18082987
4113106;-23.86339568;-51.67294685
4113601;-22.97867069;-51.97146962
2103125;-2.254191262;-44.83403009
4115309;-26.32632528;-52.59485009
4116109;-24.02265117;-53.00030489
4117255;-25.58671458;-53.38540508
4117214;-23.59502127;-50.74488235
2704708;-9.718758326;-35.89413636
1507201;-1.928972735;-47.7604613
4118808;-23.9295859;-52.30246942
2605202;-8.366190546;-35.26272168
1501303;-1.448703846;-48.63816996
2108405;-2.559456698;-44.92057905
2110658;-6.852227539;-44.60124242
2304301;-6.906437586;-39.50510923
2310704;-3.876421378;-39.09638602
2310803;-6.006865074;-38.46274952
2922052;-12.01831963;-41.51614681
2922102;-11.87102772;-40.47119081
2922201;-13.00073648;-39.09374146
2922250;-12.21249253;-43.57890473
2930808;-11.98406666;-41.82366519
2930907;-12.50476388;-44.2106837
2931004;-14.1294777;-41.19237357
1300300;-3.830255086;-59.45139283
1300409;-0.140982795;-63.18309813
1300508;-3.136820653;-57.24007701
1300607;-5.499744917;-70.32302615
1300839;-3.054571397;-61.939869
1301852;-3.086368589;-60.66590558
1302009;-2.545621004;-58.65549138
2702405;-9.399374062;-38.05082337
2705804;-9.436193833;-37.82721238
2706307;-9.409896782;-36.60368018
2706901;-9.600824141;-35.98654426
2708808;-9.955331692;-36.55179143
